{"nbformat":4,"nbformat_minor":0,"metadata":{"colab":{"provenance":[{"file_id":"19tm0GihjGXHgkdsjDAatDMu9v3tS6mfX","timestamp":1709766926002},{"file_id":"1Tzzeh59dhoqHxWjsiZZrKjfI4DMTkAFL","timestamp":1646681166244}],"collapsed_sections":["KtV4OGIeEf3I"]},"kernelspec":{"name":"python3","display_name":"Python 3"},"language_info":{"name":"python"}},"cells":[{"cell_type":"code","metadata":{"id":"34R3xr_KC3Kq","colab":{"base_uri":"https://localhost:8080/"},"executionInfo":{"status":"ok","timestamp":1680125361996,"user_tz":240,"elapsed":31777,"user":{"displayName":"McKenzie Woodman","userId":"15909959633117312617"}},"outputId":"1476e960-99f8-4b49-bfb6-f85945e3cfc6"},"source":["# Imports and Auths\n","import os\n","import matplotlib.pyplot as plt\n","import pandas as pd\n","import numpy as np\n","from google.colab import drive\n","\n","drive.mount('/content/gdrive')"],"execution_count":null,"outputs":[{"output_type":"stream","name":"stdout","text":["Mounted at /content/gdrive\n"]}]},{"cell_type":"code","metadata":{"id":"pIdmdm3rDmlB"},"source":["# This blocks allows me to grab all of the correlation matrices from our folder.\n","\n","src_file = '/content/gdrive/My Drive/test_FL_DEP'\n","corr_set = []\n","subdirectories = []\n","for fn, subdir, dir in os.walk(src_file):\n","  for folder in subdir:\n","    if \"outputs\" in folder:\n","      subdirectories += [folder]\n","  for file in dir:\n","    if 'correlation_B1-B8A' in file:\n","    # Used if we're in need of fractions of variance.\n","    # if 'finalStats_B2-B8A' in file:\n","      corr_set += [file]"],"execution_count":null,"outputs":[]},{"cell_type":"code","metadata":{"colab":{"base_uri":"https://localhost:8080/"},"id":"uXulm_4EApQO","executionInfo":{"status":"ok","timestamp":1680125368825,"user_tz":240,"elapsed":13,"user":{"displayName":"McKenzie Woodman","userId":"15909959633117312617"}},"outputId":"63316e60-b0bf-4bd2-b766-0a956300b853"},"source":["#corr_set\n","subdirectories"],"execution_count":null,"outputs":[{"output_type":"execute_result","data":{"text/plain":["['20200101T160511_20200101T160506_T17RNM_outputs',\n"," '20200106T160509_20200106T160506_T17RNM_outputs',\n"," '20200116T160509_20200116T160505_T17RNM_outputs',\n"," '20200203T160451_20200203T161119_T17RNM_outputs',\n"," '20200208T160419_20200208T160420_T17RNM_outputs',\n"," '20200301T160511_20200301T160507_T17RNM_outputs',\n"," '20200314T160021_20200314T160651_T17RNM_outputs',\n"," '20200324T155911_20200324T160549_T17RNM_outputs',\n"," '20200329T155819_20200329T161001_T17RNM_outputs',\n"," '20200403T155901_20200403T160717_T17RNM_outputs',\n"," '20200408T155819_20200408T160352_T17RNM_outputs',\n"," '20200505T160509_20200505T160508_T17RNM_outputs',\n"," '20200520T160521_20200520T160517_T17RNM_outputs',\n"," '20200624T160519_20200624T160513_T17RNM_outputs',\n"," '20200629T160521_20200629T160516_T17RNM_outputs',\n"," '20200714T160509_20200714T160512_T17RNM_outputs',\n"," '20200719T160521_20200719T160516_T17RNM_outputs',\n"," '20200724T160519_20200724T160513_T17RNM_outputs',\n"," '20200808T160521_20200808T160517_T17RNM_outputs',\n"," '20200813T160519_20200813T160514_T17RNM_outputs',\n"," '20200902T160519_20200902T160514_T17RNM_outputs',\n"," '20200917T160521_20200917T160516_T17RNM_outputs',\n"," '20201015T160149_20201015T160723_T17RNM_outputs',\n"," '20201027T160521_20201027T160516_T17RNM_outputs',\n"," '20201124T160609_20201124T161304_T17RNM_outputs',\n"," '20201209T160641_20201209T161352_T17RNM_outputs',\n"," '20201221T160509_20201221T160507_T17RNM_outputs',\n"," '20201229T160651_20201229T161425_T17RNM_outputs',\n"," '20210105T160511_20210105T160512_T17RNM_outputs',\n"," '20210120T160509_20210120T160511_T17RNM_outputs',\n"," '20210128T160521_20210128T161127_T17RNM_outputs',\n"," '20210202T160459_20210202T160957_T17RNM_outputs',\n"," '20210219T160509_20210219T160509_T17RNM_outputs',\n"," '20210222T160149_20210222T161055_T17RNM_outputs',\n"," '20210224T160511_20210224T160511_T17RNM_outputs',\n"," '20210227T160211_20210227T160445_T17RNM_outputs',\n"," '20210301T160509_20210301T160510_T17RNM_outputs',\n"," '20210304T160039_20210304T161453_T17RNM_outputs',\n"," '20210311T160509_20210311T160510_T17RNM_outputs',\n"," '20210314T155929_20210314T160346_T17RNM_outputs',\n"," '20210319T155951_20210319T161024_T17RNM_outputs',\n"," '20210324T155819_20210324T160756_T17RNM_outputs',\n"," '20210405T160511_20210405T160507_T17RNM_outputs',\n"," '20210410T160509_20210410T160515_T17RNM_outputs',\n"," '20210430T160509_20210430T160507_T17RNM_outputs',\n"," '20210505T160511_20210505T160510_T17RNM_outputs',\n"," '20210510T160509_20210510T160509_T17RNM_outputs',\n"," '20210515T160511_20210515T160511_T17RNM_outputs',\n"," '20210525T160511_20210525T160512_T17RNM_outputs',\n"," '20210609T160509_20210609T160512_T17RNM_outputs',\n"," '20210719T160519_20210719T160513_T17RNM_outputs',\n"," '20210729T160519_20210729T160513_T17RNM_outputs',\n"," '20210907T160509_20210907T160507_T17RNM_outputs',\n"," '20210922T160511_20210922T160514_T17RNM_outputs',\n"," '20210927T160509_20210927T160510_T17RNM_outputs',\n"," '20210930T155959_20210930T161357_T17RNM_outputs',\n"," '20211002T160521_20211002T160516_T17RNM_outputs',\n"," '20211012T160521_20211012T160517_T17RNM_outputs',\n"," '20211116T160509_20211116T160509_T17RNM_outputs',\n"," '20211126T160509_20211126T160507_T17RNM_outputs',\n"," '20211129T160619_20211129T161236_T17RNM_outputs',\n"," '20211204T160641_20211204T161344_T17RNM_outputs',\n"," '20211206T160509_20211206T160506_T17RNM_outputs',\n"," '20211209T160639_20211209T161318_T17RNM_outputs',\n"," '20211216T160509_20211216T160505_T17RNM_outputs',\n"," '20211224T160701_20211224T161430_T17RNM_outputs',\n"," '20211226T160509_20211226T160506_T17RNM_outputs',\n"," '20211229T160649_20211229T161342_T17RNM_outputs',\n"," '20220103T160651_20220103T161400_T17RNM_outputs',\n"," '20220108T160639_20220108T161304_T17RNM_outputs',\n"," '20220115T160509_20220115T160507_T17RNM_outputs',\n"," '20220118T160559_20220118T161203_T17RNM_outputs',\n"," '20220120T160511_20220120T160511_T17RNM_outputs',\n"," '20220130T160511_20220130T160511_T17RNM_outputs',\n"," '20220204T160509_20220204T160505_T17RNM_outputs',\n"," '20220212T160401_20220212T161135_T17RNM_outputs',\n"," '20220214T160509_20220214T160505_T17RNM_outputs',\n"," '20220222T160251_20220222T160752_T17RNM_outputs',\n"," '20220224T160509_20220224T160506_T17RNM_outputs',\n"," '20220304T160151_20220304T161444_T17RNM_outputs',\n"," '20220321T160511_20220321T160514_T17RNM_outputs',\n"," '20220326T160509_20220326T160508_T17RNM_outputs',\n"," '20220405T160509_20220405T160508_T17RNM_outputs',\n"," '20220410T160511_20220410T160513_T17RNM_outputs',\n"," '20220425T160509_20220425T160505_T17RNM_outputs',\n"," '20220505T160509_20220505T160507_T17RNM_outputs',\n"," '20220515T160509_20220515T160510_T17RNM_outputs',\n"," '20220624T160519_20220624T160516_T17RNM_outputs',\n"," '20220719T160521_20220719T160523_T17RNM_outputs',\n"," '20220729T160521_20220729T160521_T17RNM_outputs',\n"," '20220818T160521_20220818T160524_T17RNM_outputs',\n"," '20220907T160521_20220907T160523_T17RNM_outputs',\n"," '20220912T160519_20220912T160513_T17RNM_outputs',\n"," '20220922T160509_20220922T160512_T17RNM_outputs',\n"," '20221002T160509_20221002T160510_T17RNM_outputs',\n"," '20221005T160119_20221005T161213_T17RNM_outputs',\n"," '20221007T160521_20221007T160518_T17RNM_outputs',\n"," '20221025T160339_20221025T160825_T17RNM_outputs',\n"," '20221027T160511_20221027T160514_T17RNM_outputs',\n"," '20221030T160411_20221030T161121_T17RNM_outputs',\n"," '20221101T160509_20221101T160509_T17RNM_outputs',\n"," '20221104T160429_20221104T161233_T17RNM_outputs',\n"," '20221111T160509_20221111T160510_T17RNM_outputs',\n"," '20221129T160621_20221129T160726_T17RNM_outputs',\n"," '20221201T160509_20221201T160509_T17RNM_outputs',\n"," '20221204T160629_20221204T161443_T17RNM_outputs',\n"," '20221206T160511_20221206T160512_T17RNM_outputs',\n"," '20221209T160651_20221209T160831_T17RNM_outputs',\n"," '20221229T160701_20221229T160923_T17RNM_outputs']"]},"metadata":{},"execution_count":3}]},{"cell_type":"markdown","metadata":{"id":"m16fiVBpEtDk"},"source":["# Used (optionally) to extract fractions of variance"]},{"cell_type":"code","metadata":{"id":"JVgbaRy5XjuL"},"source":["no_pt2 = [dir for dir in subdirectories if dir != 'part2']"],"execution_count":null,"outputs":[]},{"cell_type":"code","metadata":{"id":"KPYiA0MhZiPO"},"source":["#\n","\n","unique_dirs = []\n","for name in no_pt2:\n","   if name not in unique_dirs:\n","    unique_dirs.append(name)"],"execution_count":null,"outputs":[]},{"cell_type":"code","metadata":{"id":"oaku9s4Cj1om"},"source":["corr_set_new = corr_set[:10]"],"execution_count":null,"outputs":[]},{"cell_type":"code","metadata":{"id":"MqiklfCZfgm8","executionInfo":{"status":"ok","timestamp":1680125369105,"user_tz":240,"elapsed":4,"user":{"displayName":"McKenzie Woodman","userId":"15909959633117312617"}},"colab":{"base_uri":"https://localhost:8080/"},"outputId":"e9065912-0f84-43c2-bc05-058871e47a5b"},"source":[" unique_dirs, corr_set_new"],"execution_count":null,"outputs":[{"output_type":"execute_result","data":{"text/plain":["(['20200101T160511_20200101T160506_T17RNM_outputs',\n","  '20200106T160509_20200106T160506_T17RNM_outputs',\n","  '20200116T160509_20200116T160505_T17RNM_outputs',\n","  '20200203T160451_20200203T161119_T17RNM_outputs',\n","  '20200208T160419_20200208T160420_T17RNM_outputs',\n","  '20200301T160511_20200301T160507_T17RNM_outputs',\n","  '20200314T160021_20200314T160651_T17RNM_outputs',\n","  '20200324T155911_20200324T160549_T17RNM_outputs',\n","  '20200329T155819_20200329T161001_T17RNM_outputs',\n","  '20200403T155901_20200403T160717_T17RNM_outputs',\n","  '20200408T155819_20200408T160352_T17RNM_outputs',\n","  '20200505T160509_20200505T160508_T17RNM_outputs',\n","  '20200520T160521_20200520T160517_T17RNM_outputs',\n","  '20200624T160519_20200624T160513_T17RNM_outputs',\n","  '20200629T160521_20200629T160516_T17RNM_outputs',\n","  '20200714T160509_20200714T160512_T17RNM_outputs',\n","  '20200719T160521_20200719T160516_T17RNM_outputs',\n","  '20200724T160519_20200724T160513_T17RNM_outputs',\n","  '20200808T160521_20200808T160517_T17RNM_outputs',\n","  '20200813T160519_20200813T160514_T17RNM_outputs',\n","  '20200902T160519_20200902T160514_T17RNM_outputs',\n","  '20200917T160521_20200917T160516_T17RNM_outputs',\n","  '20201015T160149_20201015T160723_T17RNM_outputs',\n","  '20201027T160521_20201027T160516_T17RNM_outputs',\n","  '20201124T160609_20201124T161304_T17RNM_outputs',\n","  '20201209T160641_20201209T161352_T17RNM_outputs',\n","  '20201221T160509_20201221T160507_T17RNM_outputs',\n","  '20201229T160651_20201229T161425_T17RNM_outputs',\n","  '20210105T160511_20210105T160512_T17RNM_outputs',\n","  '20210120T160509_20210120T160511_T17RNM_outputs',\n","  '20210128T160521_20210128T161127_T17RNM_outputs',\n","  '20210202T160459_20210202T160957_T17RNM_outputs',\n","  '20210219T160509_20210219T160509_T17RNM_outputs',\n","  '20210222T160149_20210222T161055_T17RNM_outputs',\n","  '20210224T160511_20210224T160511_T17RNM_outputs',\n","  '20210227T160211_20210227T160445_T17RNM_outputs',\n","  '20210301T160509_20210301T160510_T17RNM_outputs',\n","  '20210304T160039_20210304T161453_T17RNM_outputs',\n","  '20210311T160509_20210311T160510_T17RNM_outputs',\n","  '20210314T155929_20210314T160346_T17RNM_outputs',\n","  '20210319T155951_20210319T161024_T17RNM_outputs',\n","  '20210324T155819_20210324T160756_T17RNM_outputs',\n","  '20210405T160511_20210405T160507_T17RNM_outputs',\n","  '20210410T160509_20210410T160515_T17RNM_outputs',\n","  '20210430T160509_20210430T160507_T17RNM_outputs',\n","  '20210505T160511_20210505T160510_T17RNM_outputs',\n","  '20210510T160509_20210510T160509_T17RNM_outputs',\n","  '20210515T160511_20210515T160511_T17RNM_outputs',\n","  '20210525T160511_20210525T160512_T17RNM_outputs',\n","  '20210609T160509_20210609T160512_T17RNM_outputs',\n","  '20210719T160519_20210719T160513_T17RNM_outputs',\n","  '20210729T160519_20210729T160513_T17RNM_outputs',\n","  '20210907T160509_20210907T160507_T17RNM_outputs',\n","  '20210922T160511_20210922T160514_T17RNM_outputs',\n","  '20210927T160509_20210927T160510_T17RNM_outputs',\n","  '20210930T155959_20210930T161357_T17RNM_outputs',\n","  '20211002T160521_20211002T160516_T17RNM_outputs',\n","  '20211012T160521_20211012T160517_T17RNM_outputs',\n","  '20211116T160509_20211116T160509_T17RNM_outputs',\n","  '20211126T160509_20211126T160507_T17RNM_outputs',\n","  '20211129T160619_20211129T161236_T17RNM_outputs',\n","  '20211204T160641_20211204T161344_T17RNM_outputs',\n","  '20211206T160509_20211206T160506_T17RNM_outputs',\n","  '20211209T160639_20211209T161318_T17RNM_outputs',\n","  '20211216T160509_20211216T160505_T17RNM_outputs',\n","  '20211224T160701_20211224T161430_T17RNM_outputs',\n","  '20211226T160509_20211226T160506_T17RNM_outputs',\n","  '20211229T160649_20211229T161342_T17RNM_outputs',\n","  '20220103T160651_20220103T161400_T17RNM_outputs',\n","  '20220108T160639_20220108T161304_T17RNM_outputs',\n","  '20220115T160509_20220115T160507_T17RNM_outputs',\n","  '20220118T160559_20220118T161203_T17RNM_outputs',\n","  '20220120T160511_20220120T160511_T17RNM_outputs',\n","  '20220130T160511_20220130T160511_T17RNM_outputs',\n","  '20220204T160509_20220204T160505_T17RNM_outputs',\n","  '20220212T160401_20220212T161135_T17RNM_outputs',\n","  '20220214T160509_20220214T160505_T17RNM_outputs',\n","  '20220222T160251_20220222T160752_T17RNM_outputs',\n","  '20220224T160509_20220224T160506_T17RNM_outputs',\n","  '20220304T160151_20220304T161444_T17RNM_outputs',\n","  '20220321T160511_20220321T160514_T17RNM_outputs',\n","  '20220326T160509_20220326T160508_T17RNM_outputs',\n","  '20220405T160509_20220405T160508_T17RNM_outputs',\n","  '20220410T160511_20220410T160513_T17RNM_outputs',\n","  '20220425T160509_20220425T160505_T17RNM_outputs',\n","  '20220505T160509_20220505T160507_T17RNM_outputs',\n","  '20220515T160509_20220515T160510_T17RNM_outputs',\n","  '20220624T160519_20220624T160516_T17RNM_outputs',\n","  '20220719T160521_20220719T160523_T17RNM_outputs',\n","  '20220729T160521_20220729T160521_T17RNM_outputs',\n","  '20220818T160521_20220818T160524_T17RNM_outputs',\n","  '20220907T160521_20220907T160523_T17RNM_outputs',\n","  '20220912T160519_20220912T160513_T17RNM_outputs',\n","  '20220922T160509_20220922T160512_T17RNM_outputs',\n","  '20221002T160509_20221002T160510_T17RNM_outputs',\n","  '20221005T160119_20221005T161213_T17RNM_outputs',\n","  '20221007T160521_20221007T160518_T17RNM_outputs',\n","  '20221025T160339_20221025T160825_T17RNM_outputs',\n","  '20221027T160511_20221027T160514_T17RNM_outputs',\n","  '20221030T160411_20221030T161121_T17RNM_outputs',\n","  '20221101T160509_20221101T160509_T17RNM_outputs',\n","  '20221104T160429_20221104T161233_T17RNM_outputs',\n","  '20221111T160509_20221111T160510_T17RNM_outputs',\n","  '20221129T160621_20221129T160726_T17RNM_outputs',\n","  '20221201T160509_20221201T160509_T17RNM_outputs',\n","  '20221204T160629_20221204T161443_T17RNM_outputs',\n","  '20221206T160511_20221206T160512_T17RNM_outputs',\n","  '20221209T160651_20221209T160831_T17RNM_outputs',\n","  '20221229T160701_20221229T160923_T17RNM_outputs'],\n"," ['6VPCA_IRL_20200101T160511_20200101T160506_T17RNM_correlation_B1-B8A.csv',\n","  '6VPCA_IRL_20200106T160509_20200106T160506_T17RNM_correlation_B1-B8A.csv',\n","  '6VPCA_IRL_20200116T160509_20200116T160505_T17RNM_correlation_B1-B8A.csv',\n","  '6VPCA_IRL_20200203T160451_20200203T161119_T17RNM_correlation_B1-B8A.csv',\n","  '6VPCA_IRL_20200208T160419_20200208T160420_T17RNM_correlation_B1-B8A.csv',\n","  '6VPCA_IRL_20200301T160511_20200301T160507_T17RNM_correlation_B1-B8A.csv',\n","  '6VPCA_IRL_20200314T160021_20200314T160651_T17RNM_correlation_B1-B8A.csv',\n","  '6VPCA_IRL_20200324T155911_20200324T160549_T17RNM_correlation_B1-B8A.csv',\n","  '6VPCA_IRL_20200329T155819_20200329T161001_T17RNM_correlation_B1-B8A.csv',\n","  '6VPCA_IRL_20200403T155901_20200403T160717_T17RNM_correlation_B1-B8A.csv'])"]},"metadata":{},"execution_count":7}]},{"cell_type":"code","metadata":{"id":"Fo4_s-NZBStO"},"source":[" var_dict = {}\n"," for i in range(len(corr_set)):\n","  # Read in our csv.\n","   stats_csv = pd.read_csv(f\"{src_file}/{subdirectories[i]}/{corr_set[i]}\")\n","   #var_dict[f'{corr_set[i]}'] = stats_csv"],"execution_count":null,"outputs":[]},{"cell_type":"code","metadata":{"id":"-PTlbv_ghHMy","executionInfo":{"status":"error","timestamp":1680125398370,"user_tz":240,"elapsed":14,"user":{"displayName":"McKenzie Woodman","userId":"15909959633117312617"}},"colab":{"base_uri":"https://localhost:8080/","height":165},"outputId":"71f74cc2-6220-4693-d2b2-b7476e62fd73"},"source":[" var_dict[corr_set[0]]"],"execution_count":null,"outputs":[{"output_type":"error","ename":"KeyError","evalue":"ignored","traceback":["\u001b[0;31m---------------------------------------------------------------------------\u001b[0m","\u001b[0;31mKeyError\u001b[0m                                  Traceback (most recent call last)","\u001b[0;32m<ipython-input-9-52595e13074d>\u001b[0m in \u001b[0;36m<cell line: 1>\u001b[0;34m()\u001b[0m\n\u001b[0;32m----> 1\u001b[0;31m \u001b[0mvar_dict\u001b[0m\u001b[0;34m[\u001b[0m\u001b[0mcorr_set\u001b[0m\u001b[0;34m[\u001b[0m\u001b[0;36m0\u001b[0m\u001b[0;34m]\u001b[0m\u001b[0;34m]\u001b[0m\u001b[0;34m\u001b[0m\u001b[0;34m\u001b[0m\u001b[0m\n\u001b[0m","\u001b[0;31mKeyError\u001b[0m: '6VPCA_IRL_20200101T160511_20200101T160506_T17RNM_correlation_B1-B8A.csv'"]}]},{"cell_type":"code","metadata":{"id":"4L9mkWx-SbeU"},"source":[" empty_ls = []\n"," for df in var_dict.values():\n","   empty_ls += [df.loc[17].dropna().to_list()]"],"execution_count":null,"outputs":[]},{"cell_type":"code","metadata":{"id":"QZbSQoWgkJHm","executionInfo":{"status":"ok","timestamp":1680125410494,"user_tz":240,"elapsed":3,"user":{"displayName":"McKenzie Woodman","userId":"15909959633117312617"}},"colab":{"base_uri":"https://localhost:8080/"},"outputId":"60a357f9-1de2-4d5c-ae96-4604aa2d28dc"},"source":[" empty_ls"],"execution_count":null,"outputs":[{"output_type":"execute_result","data":{"text/plain":["[]"]},"metadata":{},"execution_count":12}]},{"cell_type":"code","metadata":{"id":"F1TXOib5UU2c"},"source":[" pd.DataFrame(empty_ls,columns = ['drop_this','Component 1','Component 2','Component 3','Component4','Component 5','Component 6','Total','val']).drop(['drop_this','Total'],axis=1).rename(columns = {'val':'Total Variance Explained'}).to_csv('/content/gdrive/My Drive/S2_fractionsOfVariance.csv')"],"execution_count":null,"outputs":[]},{"cell_type":"markdown","metadata":{"id":"qfwohCeIEdMh"},"source":["# Used to get the pixel counts"]},{"cell_type":"code","metadata":{"id":"bqs1Itq5EyXM"},"source":["array_dict = {}\n","water_pixels = {}\n","for i in range(len(corr_set)):\n","  # Read in our csv.\n","  corr_csv = pd.read_csv(f\"{src_file}/{subdirectories[i]}/{corr_set[i]}\",converters = {'correlation_list':eval})\n","  # Grab out our correlation matrix.\n","  corr_mat = np.array(corr_csv['correlation_list'].tolist()[0])\n","  # Grab out our pixel value.\n","  pixel_val = corr_csv['pixel_count'][0]\n","\n","  # Pass both of these values to their respective dictionaries.\n","  array_dict[f'{corr_set[i]}'] = corr_mat\n","  water_pixels[f'{corr_set[i]}'] = pixel_val"],"execution_count":null,"outputs":[]},{"cell_type":"code","metadata":{"id":"Hx09tIF_ZKd2"},"source":["max_pixel = max(water_pixels.values())"],"execution_count":null,"outputs":[]},{"cell_type":"code","metadata":{"id":"6u02ONvCZP08"},"source":["water_pixels['max_pixel_value'] = max_pixel"],"execution_count":null,"outputs":[]},{"cell_type":"code","metadata":{"id":"DZjs99Qllj4Y","executionInfo":{"status":"ok","timestamp":1680125411205,"user_tz":240,"elapsed":4,"user":{"displayName":"McKenzie Woodman","userId":"15909959633117312617"}},"colab":{"base_uri":"https://localhost:8080/"},"outputId":"1123cfbc-ea36-4950-8656-f49b3b74c263"},"source":["water_pixels"],"execution_count":null,"outputs":[{"output_type":"execute_result","data":{"text/plain":["{'6VPCA_IRL_20200101T160511_20200101T160506_T17RNM_correlation_B1-B8A.csv': 46231,\n"," '6VPCA_IRL_20200106T160509_20200106T160506_T17RNM_correlation_B1-B8A.csv': 46677,\n"," '6VPCA_IRL_20200116T160509_20200116T160505_T17RNM_correlation_B1-B8A.csv': 46466,\n"," '6VPCA_IRL_20200203T160451_20200203T161119_T17RNM_correlation_B1-B8A.csv': 53971,\n"," '6VPCA_IRL_20200208T160419_20200208T160420_T17RNM_correlation_B1-B8A.csv': 53894,\n"," '6VPCA_IRL_20200301T160511_20200301T160507_T17RNM_correlation_B1-B8A.csv': 46399,\n"," '6VPCA_IRL_20200314T160021_20200314T160651_T17RNM_correlation_B1-B8A.csv': 36157,\n"," '6VPCA_IRL_20200324T155911_20200324T160549_T17RNM_correlation_B1-B8A.csv': 51299,\n"," '6VPCA_IRL_20200329T155819_20200329T161001_T17RNM_correlation_B1-B8A.csv': 53339,\n"," '6VPCA_IRL_20200403T155901_20200403T160717_T17RNM_correlation_B1-B8A.csv': 53355,\n"," '6VPCA_IRL_20200408T155819_20200408T160352_T17RNM_correlation_B1-B8A.csv': 51940,\n"," '6VPCA_IRL_20200505T160509_20200505T160508_T17RNM_correlation_B1-B8A.csv': 45887,\n"," '6VPCA_IRL_20200520T160521_20200520T160517_T17RNM_correlation_B1-B8A.csv': 47219,\n"," '6VPCA_IRL_20200624T160519_20200624T160513_T17RNM_correlation_B1-B8A.csv': 45118,\n"," '6VPCA_IRL_20200629T160521_20200629T160516_T17RNM_correlation_B1-B8A.csv': 44000,\n"," '6VPCA_IRL_20200714T160509_20200714T160512_T17RNM_correlation_B1-B8A.csv': 33291,\n"," '6VPCA_IRL_20200719T160521_20200719T160516_T17RNM_correlation_B1-B8A.csv': 42334,\n"," '6VPCA_IRL_20200724T160519_20200724T160513_T17RNM_correlation_B1-B8A.csv': 35213,\n"," '6VPCA_IRL_20200808T160521_20200808T160517_T17RNM_correlation_B1-B8A.csv': 43067,\n"," '6VPCA_IRL_20200813T160519_20200813T160514_T17RNM_correlation_B1-B8A.csv': 44238,\n"," '6VPCA_IRL_20200902T160519_20200902T160514_T17RNM_correlation_B1-B8A.csv': 45631,\n"," '6VPCA_IRL_20200917T160521_20200917T160516_T17RNM_correlation_B1-B8A.csv': 38140,\n"," '6VPCA_IRL_20201015T160149_20201015T160723_T17RNM_correlation_B1-B8A.csv': 49813,\n"," '6VPCA_IRL_20201027T160521_20201027T160516_T17RNM_correlation_B1-B8A.csv': 41510,\n"," '6VPCA_IRL_20201124T160609_20201124T161304_T17RNM_correlation_B1-B8A.csv': 53402,\n"," '6VPCA_IRL_20201209T160641_20201209T161352_T17RNM_correlation_B1-B8A.csv': 54010,\n"," '6VPCA_IRL_20201221T160509_20201221T160507_T17RNM_correlation_B1-B8A.csv': 35112,\n"," '6VPCA_IRL_20201229T160651_20201229T161425_T17RNM_correlation_B1-B8A.csv': 53460,\n"," '6VPCA_IRL_20210105T160511_20210105T160512_T17RNM_correlation_B1-B8A.csv': 47456,\n"," '6VPCA_IRL_20210120T160509_20210120T160511_T17RNM_correlation_B1-B8A.csv': 45293,\n"," '6VPCA_IRL_20210128T160521_20210128T161127_T17RNM_correlation_B1-B8A.csv': 52882,\n"," '6VPCA_IRL_20210202T160459_20210202T160957_T17RNM_correlation_B1-B8A.csv': 54047,\n"," '6VPCA_IRL_20210219T160509_20210219T160509_T17RNM_correlation_B1-B8A.csv': 32189,\n"," '6VPCA_IRL_20210222T160149_20210222T161055_T17RNM_correlation_B1-B8A.csv': 46922,\n"," '6VPCA_IRL_20210224T160511_20210224T160511_T17RNM_correlation_B1-B8A.csv': 47250,\n"," '6VPCA_IRL_20210227T160211_20210227T160445_T17RNM_correlation_B1-B8A.csv': 52790,\n"," '6VPCA_IRL_20210301T160509_20210301T160510_T17RNM_correlation_B1-B8A.csv': 40752,\n"," '6VPCA_IRL_20210304T160039_20210304T161453_T17RNM_correlation_B1-B8A.csv': 37976,\n"," '6VPCA_IRL_20210311T160509_20210311T160510_T17RNM_correlation_B1-B8A.csv': 46710,\n"," '6VPCA_IRL_20210314T155929_20210314T160346_T17RNM_correlation_B1-B8A.csv': 53928,\n"," '6VPCA_IRL_20210319T155951_20210319T161024_T17RNM_correlation_B1-B8A.csv': 45642,\n"," '6VPCA_IRL_20210324T155819_20210324T160756_T17RNM_correlation_B1-B8A.csv': 53463,\n"," '6VPCA_IRL_20210405T160511_20210405T160507_T17RNM_correlation_B1-B8A.csv': 45261,\n"," '6VPCA_IRL_20210410T160509_20210410T160515_T17RNM_correlation_B1-B8A.csv': 46453,\n"," '6VPCA_IRL_20210430T160509_20210430T160507_T17RNM_correlation_B1-B8A.csv': 35414,\n"," '6VPCA_IRL_20210505T160511_20210505T160510_T17RNM_correlation_B1-B8A.csv': 43767,\n"," '6VPCA_IRL_20210510T160509_20210510T160509_T17RNM_correlation_B1-B8A.csv': 29267,\n"," '6VPCA_IRL_20210515T160511_20210515T160511_T17RNM_correlation_B1-B8A.csv': 44112,\n"," '6VPCA_IRL_20210525T160511_20210525T160512_T17RNM_correlation_B1-B8A.csv': 20587,\n"," '6VPCA_IRL_20210609T160509_20210609T160512_T17RNM_correlation_B1-B8A.csv': 44964,\n"," '6VPCA_IRL_20210719T160519_20210719T160513_T17RNM_correlation_B1-B8A.csv': 44479,\n"," '6VPCA_IRL_20210729T160519_20210729T160513_T17RNM_correlation_B1-B8A.csv': 42411,\n"," '6VPCA_IRL_20210907T160509_20210907T160507_T17RNM_correlation_B1-B8A.csv': 45142,\n"," '6VPCA_IRL_20210922T160511_20210922T160514_T17RNM_correlation_B1-B8A.csv': 39274,\n"," '6VPCA_IRL_20210927T160509_20210927T160510_T17RNM_correlation_B1-B8A.csv': 38745,\n"," '6VPCA_IRL_20210930T155959_20210930T161357_T17RNM_correlation_B1-B8A.csv': 45467,\n"," '6VPCA_IRL_20211002T160521_20211002T160516_T17RNM_correlation_B1-B8A.csv': 43097,\n"," '6VPCA_IRL_20211012T160521_20211012T160517_T17RNM_correlation_B1-B8A.csv': 42775,\n"," '6VPCA_IRL_20211116T160509_20211116T160509_T17RNM_correlation_B1-B8A.csv': 47152,\n"," '6VPCA_IRL_20211126T160509_20211126T160507_T17RNM_correlation_B1-B8A.csv': 46701,\n"," '6VPCA_IRL_20211129T160619_20211129T161236_T17RNM_correlation_B1-B8A.csv': 54040,\n"," '6VPCA_IRL_20211204T160641_20211204T161344_T17RNM_correlation_B1-B8A.csv': 53927,\n"," '6VPCA_IRL_20211206T160509_20211206T160506_T17RNM_correlation_B1-B8A.csv': 46793,\n"," '6VPCA_IRL_20211209T160639_20211209T161318_T17RNM_correlation_B1-B8A.csv': 53802,\n"," '6VPCA_IRL_20211216T160509_20211216T160505_T17RNM_correlation_B1-B8A.csv': 45892,\n"," '6VPCA_IRL_20211224T160701_20211224T161430_T17RNM_correlation_B1-B8A.csv': 48770,\n"," '6VPCA_IRL_20211226T160509_20211226T160506_T17RNM_correlation_B1-B8A.csv': 47139,\n"," '6VPCA_IRL_20211229T160649_20211229T161342_T17RNM_correlation_B1-B8A.csv': 53459,\n"," '6VPCA_IRL_20220103T160651_20220103T161400_T17RNM_correlation_B1-B8A.csv': 53869,\n"," '6VPCA_IRL_20220108T160639_20220108T161304_T17RNM_correlation_B1-B8A.csv': 48880,\n"," '6VPCA_IRL_20220115T160509_20220115T160507_T17RNM_correlation_B1-B8A.csv': 46948,\n"," '6VPCA_IRL_20220118T160559_20220118T161203_T17RNM_correlation_B1-B8A.csv': 54078,\n"," '6VPCA_IRL_20220120T160511_20220120T160511_T17RNM_correlation_B1-B8A.csv': 46560,\n"," '6VPCA_IRL_20220130T160511_20220130T160511_T17RNM_correlation_B1-B8A.csv': 47087,\n"," '6VPCA_IRL_20220204T160509_20220204T160505_T17RNM_correlation_B1-B8A.csv': 46299,\n"," '6VPCA_IRL_20220212T160401_20220212T161135_T17RNM_correlation_B1-B8A.csv': 54183,\n"," '6VPCA_IRL_20220214T160509_20220214T160505_T17RNM_correlation_B1-B8A.csv': 46853,\n"," '6VPCA_IRL_20220222T160251_20220222T160752_T17RNM_correlation_B1-B8A.csv': 51925,\n"," '6VPCA_IRL_20220224T160509_20220224T160506_T17RNM_correlation_B1-B8A.csv': 44644,\n"," '6VPCA_IRL_20220304T160151_20220304T161444_T17RNM_correlation_B1-B8A.csv': 54180,\n"," '6VPCA_IRL_20220321T160511_20220321T160514_T17RNM_correlation_B1-B8A.csv': 40702,\n"," '6VPCA_IRL_20220326T160509_20220326T160508_T17RNM_correlation_B1-B8A.csv': 46679,\n"," '6VPCA_IRL_20220405T160509_20220405T160508_T17RNM_correlation_B1-B8A.csv': 39330,\n"," '6VPCA_IRL_20220410T160511_20220410T160513_T17RNM_correlation_B1-B8A.csv': 46632,\n"," '6VPCA_IRL_20220425T160509_20220425T160505_T17RNM_correlation_B1-B8A.csv': 41907,\n"," '6VPCA_IRL_20220505T160509_20220505T160507_T17RNM_correlation_B1-B8A.csv': 46349,\n"," '6VPCA_IRL_20220515T160509_20220515T160510_T17RNM_correlation_B1-B8A.csv': 45386,\n"," '6VPCA_IRL_20220624T160519_20220624T160516_T17RNM_correlation_B1-B8A.csv': 44190,\n"," '6VPCA_IRL_20220719T160521_20220719T160523_T17RNM_correlation_B1-B8A.csv': 39053,\n"," '6VPCA_IRL_20220729T160521_20220729T160521_T17RNM_correlation_B1-B8A.csv': 45806,\n"," '6VPCA_IRL_20220818T160521_20220818T160524_T17RNM_correlation_B1-B8A.csv': 39812,\n"," '6VPCA_IRL_20220907T160521_20220907T160523_T17RNM_correlation_B1-B8A.csv': 45346,\n"," '6VPCA_IRL_20220912T160519_20220912T160513_T17RNM_correlation_B1-B8A.csv': 45820,\n"," '6VPCA_IRL_20220922T160509_20220922T160512_T17RNM_correlation_B1-B8A.csv': 45030,\n"," '6VPCA_IRL_20221002T160509_20221002T160510_T17RNM_correlation_B1-B8A.csv': 47404,\n"," '6VPCA_IRL_20221005T160119_20221005T161213_T17RNM_correlation_B1-B8A.csv': 49823,\n"," '6VPCA_IRL_20221007T160521_20221007T160518_T17RNM_correlation_B1-B8A.csv': 46401,\n"," '6VPCA_IRL_20221025T160339_20221025T160825_T17RNM_correlation_B1-B8A.csv': 53069,\n"," '6VPCA_IRL_20221027T160511_20221027T160514_T17RNM_correlation_B1-B8A.csv': 44729,\n"," '6VPCA_IRL_20221030T160411_20221030T161121_T17RNM_correlation_B1-B8A.csv': 50641,\n"," '6VPCA_IRL_20221101T160509_20221101T160509_T17RNM_correlation_B1-B8A.csv': 38445,\n"," '6VPCA_IRL_20221104T160429_20221104T161233_T17RNM_correlation_B1-B8A.csv': 49657,\n"," '6VPCA_IRL_20221111T160509_20221111T160510_T17RNM_correlation_B1-B8A.csv': 43919,\n"," '6VPCA_IRL_20221129T160621_20221129T160726_T17RNM_correlation_B1-B8A.csv': 52572,\n"," '6VPCA_IRL_20221201T160509_20221201T160509_T17RNM_correlation_B1-B8A.csv': 45626,\n"," '6VPCA_IRL_20221204T160629_20221204T161443_T17RNM_correlation_B1-B8A.csv': 53872,\n"," '6VPCA_IRL_20221206T160511_20221206T160512_T17RNM_correlation_B1-B8A.csv': 46573,\n"," '6VPCA_IRL_20221209T160651_20221209T160831_T17RNM_correlation_B1-B8A.csv': 54089,\n"," '6VPCA_IRL_20221229T160701_20221229T160923_T17RNM_correlation_B1-B8A.csv': 54270,\n"," 'max_pixel_value': 54270}"]},"metadata":{},"execution_count":17}]},{"cell_type":"code","metadata":{"id":"yPj2CGtT8HyQ"},"source":["pd.Series(water_pixels).to_csv('/content/gdrive/My Drive/s2_pixelValues.csv')"],"execution_count":null,"outputs":[]},{"cell_type":"markdown","metadata":{"id":"KtV4OGIeEf3I"},"source":["# Used for the weighted correlation matrix"]},{"cell_type":"code","metadata":{"id":"jMst6FyzX_Ji"},"source":["# This is the total number of water pixels.\n","total_w = sum(water_pixels.values())\n","\n","weighted_arrays = {}\n","# For valid pixels in water_pixels\n","for water in water_pixels:\n","  if water == 'max_pixel_value':\n","    pass\n","  else:\n","    # What fraction does each set of pixels account for the total?\n","    weight = water_pixels[water] / total_w\n","    # Apply that fraction to each weight's respective correlation matrix.\n","    weighted_arrays[water] = array_dict[water] * weight"],"execution_count":null,"outputs":[]},{"cell_type":"code","metadata":{"id":"cqLr5EtjB3KM","executionInfo":{"status":"ok","timestamp":1680125411758,"user_tz":240,"elapsed":10,"user":{"displayName":"McKenzie Woodman","userId":"15909959633117312617"}},"outputId":"815bb9a3-94a5-4fd6-9a2d-3487d831b8cc","colab":{"base_uri":"https://localhost:8080/"}},"source":["weighted_arrays"],"execution_count":null,"outputs":[{"output_type":"execute_result","data":{"text/plain":["{'6VPCA_IRL_20200101T160511_20200101T160506_T17RNM_correlation_B1-B8A.csv': array([[ 0.00908223, -0.00080903,  0.00056249,  0.00198668,  0.00225819,\n","          0.00433582,  0.0035734 ,  0.00612881,  0.00276895],\n","        [-0.00080903,  0.00908223,  0.00532086, -0.00733301, -0.00816733,\n","         -0.00580345, -0.00253335, -0.00171896, -0.00305651],\n","        [ 0.00056249,  0.00532086,  0.00908223, -0.00060226, -0.00329397,\n","         -0.00660633, -0.00640697, -0.00164352, -0.00444402],\n","        [ 0.00198668, -0.00733301, -0.00060226,  0.00908223,  0.00851944,\n","          0.00333182, -0.00071618,  0.00169895,  0.00106992],\n","        [ 0.00225819, -0.00816733, -0.00329397,  0.00851944,  0.00908223,\n","          0.00557105,  0.00129937,  0.00249649,  0.00220825],\n","        [ 0.00433582, -0.00580345, -0.00660633,  0.00333182,  0.00557105,\n","          0.00908223,  0.00742741,  0.00520508,  0.00532272],\n","        [ 0.0035734 , -0.00253335, -0.00640697, -0.00071618,  0.00129937,\n","          0.00742741,  0.00908223,  0.00505585,  0.0060448 ],\n","        [ 0.00612881, -0.00171896, -0.00164352,  0.00169895,  0.00249649,\n","          0.00520508,  0.00505585,  0.00908223,  0.00621727],\n","        [ 0.00276895, -0.00305651, -0.00444402,  0.00106992,  0.00220825,\n","          0.00532272,  0.0060448 ,  0.00621727,  0.00908223]]),\n"," '6VPCA_IRL_20200106T160509_20200106T160506_T17RNM_correlation_B1-B8A.csv': array([[ 0.00916985, -0.00104078,  0.00078714,  0.00215081,  0.00216323,\n","          0.00331854,  0.00236741,  0.00747785,  0.00081642],\n","        [-0.00104078,  0.00916985,  0.00600807, -0.00728451, -0.00814303,\n","         -0.00619166, -0.00222575, -0.00175905, -0.00312445],\n","        [ 0.00078714,  0.00600807,  0.00916985, -0.00106609, -0.0032546 ,\n","         -0.00693896, -0.0065281 , -0.00101444, -0.00455952],\n","        [ 0.00215081, -0.00728451, -0.00106609,  0.00916985,  0.0087485 ,\n","          0.0031929 , -0.00179211,  0.00177281,  0.00073332],\n","        [ 0.00216323, -0.00814303, -0.0032546 ,  0.0087485 ,  0.00916985,\n","          0.00518614, -0.00012081,  0.0021915 ,  0.00168621],\n","        [ 0.00331854, -0.00619166, -0.00693896,  0.0031929 ,  0.00518614,\n","          0.00916985,  0.00694882,  0.00476465,  0.00486842],\n","        [ 0.00236741, -0.00222575, -0.0065281 , -0.00179211, -0.00012081,\n","          0.00694882,  0.00916985,  0.00437382,  0.00512331],\n","        [ 0.00747785, -0.00175905, -0.00101444,  0.00177281,  0.0021915 ,\n","          0.00476465,  0.00437382,  0.00916985,  0.0043304 ],\n","        [ 0.00081642, -0.00312445, -0.00455952,  0.00073332,  0.00168621,\n","          0.00486842,  0.00512331,  0.0043304 ,  0.00916985]]),\n"," '6VPCA_IRL_20200116T160509_20200116T160505_T17RNM_correlation_B1-B8A.csv': array([[ 0.00912839, -0.00091114,  0.00119555,  0.00222861,  0.00235109,\n","          0.00281957,  0.00192989,  0.00446105, -0.00012954],\n","        [-0.00091114,  0.00912839,  0.0042714 , -0.00649873, -0.00801254,\n","         -0.00638074, -0.00343542, -0.00278668, -0.0035847 ],\n","        [ 0.00119555,  0.0042714 ,  0.00912839,  0.00226811, -0.00119972,\n","         -0.00654687, -0.00703432, -0.00237109, -0.00476208],\n","        [ 0.00222861, -0.00649873,  0.00226811,  0.00912839,  0.00830549,\n","          0.00210545, -0.0016767 ,  0.0014921 ,  0.00027777],\n","        [ 0.00235109, -0.00801254, -0.00119972,  0.00830549,  0.00912839,\n","          0.00501902,  0.00080144,  0.0026904 ,  0.00170412],\n","        [ 0.00281957, -0.00638074, -0.00654687,  0.00210545,  0.00501902,\n","          0.00912839,  0.00759883,  0.00519777,  0.00493473],\n","        [ 0.00192989, -0.00343542, -0.00703432, -0.0016767 ,  0.00080144,\n","          0.00759883,  0.00912839,  0.00480262,  0.00547226],\n","        [ 0.00446105, -0.00278668, -0.00237109,  0.0014921 ,  0.0026904 ,\n","          0.00519777,  0.00480262,  0.00912839,  0.0057837 ],\n","        [-0.00012954, -0.0035847 , -0.00476208,  0.00027777,  0.00170412,\n","          0.00493473,  0.00547226,  0.0057837 ,  0.00912839]]),\n"," '6VPCA_IRL_20200203T160451_20200203T161119_T17RNM_correlation_B1-B8A.csv': array([[ 0.01060278, -0.00081653,  0.00082049,  0.00273599,  0.00315029,\n","          0.00408476,  0.00188837,  0.00782877,  0.00078735],\n","        [-0.00081653,  0.01060278,  0.00723034, -0.006188  , -0.00783467,\n","         -0.00534541, -0.00247029, -0.00098914, -0.00183636],\n","        [ 0.00082049,  0.00723034,  0.01060278,  0.00088826, -0.00272793,\n","         -0.00829425, -0.00797014, -0.00119797, -0.00460394],\n","        [ 0.00273599, -0.006188  ,  0.00088826,  0.01060278,  0.00962724,\n","         -0.00076073, -0.0048205 ,  0.00113565, -0.00234049],\n","        [ 0.00315029, -0.00783467, -0.00272793,  0.00962724,  0.01060278,\n","          0.00299438, -0.00197494,  0.00193472, -0.00141939],\n","        [ 0.00408476, -0.00534541, -0.00829425, -0.00076073,  0.00299438,\n","          0.01060278,  0.00876402,  0.00454904,  0.00378241],\n","        [ 0.00188837, -0.00247029, -0.00797014, -0.0048205 , -0.00197494,\n","          0.00876402,  0.01060278,  0.00397629,  0.00608955],\n","        [ 0.00782877, -0.00098914, -0.00119797,  0.00113565,  0.00193472,\n","          0.00454904,  0.00397629,  0.01060278,  0.00581271],\n","        [ 0.00078735, -0.00183636, -0.00460394, -0.00234049, -0.00141939,\n","          0.00378241,  0.00608955,  0.00581271,  0.01060278]]),\n"," '6VPCA_IRL_20200208T160419_20200208T160420_T17RNM_correlation_B1-B8A.csv': array([[ 1.05876485e-02,  2.89038453e-04,  7.99897670e-04,\n","          7.15939147e-04,  1.05309773e-03,  3.40197186e-03,\n","          2.42211781e-03,  6.65049920e-03,  2.97142326e-04],\n","        [ 2.89038453e-04,  1.05876485e-02,  6.90162628e-03,\n","         -7.73699228e-03, -8.88930796e-03, -6.68834641e-03,\n","         -2.39691758e-03, -1.29645615e-03, -1.80351884e-03],\n","        [ 7.99897670e-04,  6.90162628e-03,  1.05876485e-02,\n","         -3.22030821e-04, -2.98029938e-03, -8.16738787e-03,\n","         -7.91185486e-03, -2.39480005e-03, -5.47383836e-03],\n","        [ 7.15939147e-04, -7.73699228e-03, -3.22030821e-04,\n","          1.05876485e-02,  1.00303408e-02,  2.03183290e-03,\n","         -3.53271807e-03, -7.75666759e-05, -2.58487652e-03],\n","        [ 1.05309773e-03, -8.88930796e-03, -2.98029938e-03,\n","          1.00303408e-02,  1.05876485e-02,  4.63539789e-03,\n","         -1.50860763e-03,  7.67091856e-04, -1.72280593e-03],\n","        [ 3.40197186e-03, -6.68834641e-03, -8.16738787e-03,\n","          2.03183290e-03,  4.63539789e-03,  1.05876485e-02,\n","          8.06496970e-03,  5.52555460e-03,  4.55647290e-03],\n","        [ 2.42211781e-03, -2.39691758e-03, -7.91185486e-03,\n","         -3.53271807e-03, -1.50860763e-03,  8.06496970e-03,\n","          1.05876485e-02,  5.83905612e-03,  7.51012446e-03],\n","        [ 6.65049920e-03, -1.29645615e-03, -2.39480005e-03,\n","         -7.75666759e-05,  7.67091856e-04,  5.52555460e-03,\n","          5.83905612e-03,  1.05876485e-02,  6.21895902e-03],\n","        [ 2.97142326e-04, -1.80351884e-03, -5.47383836e-03,\n","         -2.58487652e-03, -1.72280593e-03,  4.55647290e-03,\n","          7.51012446e-03,  6.21895902e-03,  1.05876485e-02]]),\n"," '6VPCA_IRL_20200301T160511_20200301T160507_T17RNM_correlation_B1-B8A.csv': array([[ 9.11523178e-03, -5.86183018e-04,  8.88739193e-04,\n","          2.24651797e-03,  2.91187728e-03,  4.08778260e-03,\n","          2.14704962e-03,  6.60532892e-03,  2.42615047e-04],\n","        [-5.86183018e-04,  9.11523178e-03,  4.81407249e-03,\n","         -5.13499277e-03, -6.60092048e-03, -3.96250502e-03,\n","         -1.89724633e-03, -9.53280074e-05, -1.23836149e-03],\n","        [ 8.88739193e-04,  4.81407249e-03,  9.11523178e-03,\n","          2.92000085e-03, -2.61813342e-04, -6.56173636e-03,\n","         -7.24090767e-03, -9.60405917e-04, -4.69783112e-03],\n","        [ 2.24651797e-03, -5.13499277e-03,  2.92000085e-03,\n","          9.11523178e-03,  8.21541477e-03, -1.24210745e-03,\n","         -4.30454083e-03,  2.17910193e-04, -2.87369413e-03],\n","        [ 2.91187728e-03, -6.60092048e-03, -2.61813342e-04,\n","          8.21541477e-03,  9.11523178e-03,  2.06765732e-03,\n","         -1.86634823e-03,  1.02449892e-03, -2.13944373e-03],\n","        [ 4.08778260e-03, -3.96250502e-03, -6.56173636e-03,\n","         -1.24210745e-03,  2.06765732e-03,  9.11523178e-03,\n","          7.56978421e-03,  3.98573848e-03,  3.11933054e-03],\n","        [ 2.14704962e-03, -1.89724633e-03, -7.24090767e-03,\n","         -4.30454083e-03, -1.86634823e-03,  7.56978421e-03,\n","          9.11523178e-03,  3.90604360e-03,  5.75207836e-03],\n","        [ 6.60532892e-03, -9.53280074e-05, -9.60405917e-04,\n","          2.17910193e-04,  1.02449892e-03,  3.98573848e-03,\n","          3.90604360e-03,  9.11523178e-03,  4.68403886e-03],\n","        [ 2.42615047e-04, -1.23836149e-03, -4.69783112e-03,\n","         -